1  1 2000000
1  2000001 4000000
1  4000001 6000000
1  6000001 8000000
1  8000001 10000000
1  10000001 12000000
1  12000001 14000000
1  14000001 16000000
1  16000001 18000000
1  18000001 20000000
1  20000001 22000000
1  22000001 24000000
1  24000001 26000000
1  26000001 28000000
1  28000001 30000000
1  30000001 32000000
1  32000001 34000000
1  34000001 36000000
1  36000001 38000000
1  38000001 40000000
1  40000001 42000000
1  42000001 44000000
1  44000001 46000000
1  46000001 48000000
1  48000001 50000000
1  50000001 52000000
1  52000001 54000000
1  54000001 56000000
1  56000001 58000000
1  58000001 60000000
1  60000001 62000000
1  62000001 64000000
1  64000001 66000000
1  66000001 68000000
1  68000001 70000000
1  70000001 72000000
1  72000001 74000000
1  74000001 76000000
1  76000001 78000000
1  78000001 80000000
1  80000001 82000000
1  82000001 84000000
1  84000001 86000000
1  86000001 88000000
1  88000001 90000000
1  90000001 92000000
1  92000001 94000000
1  94000001 96000000
1  96000001 98000000
1  98000001 100000000
1  100000001 102000000
1  102000001 104000000
1  104000001 106000000
1  106000001 108000000
1  108000001 110000000
1  110000001 112000000
1  112000001 114000000
1  114000001 116000000
1  116000001 118000000
1  118000001 120000000
1  120000001 122000000
1  122000001 124000000
1  124000001 126000000
1  126000001 128000000
1  128000001 130000000
1  130000001 132000000
1  132000001 134000000
1  134000001 136000000
1  136000001 138000000
1  138000001 140000000
1  140000001 142000000
1  142000001 144000000
1  144000001 146000000
1  146000001 148000000
1  148000001 150000000
1  150000001 152000000
1  152000001 154000000
1  154000001 156000000
1  156000001 158000000
1  158000001 160000000
1  160000001 162000000
1  162000001 164000000
1  164000001 166000000
1  166000001 168000000
1  168000001 170000000
1  170000001 172000000
1  172000001 174000000
1  174000001 176000000
1  176000001 178000000
1  178000001 180000000
1  180000001 182000000
1  182000001 184000000
1  184000001 186000000
1  186000001 188000000
1  188000001 190000000
1  190000001 192000000
1  192000001 194000000
1  194000001 196000000
1  196000001 198000000
1  198000001 200000000
1  200000001 202000000
1  202000001 204000000
1  204000001 206000000
1  206000001 208000000
1  208000001 210000000
1  210000001 212000000
1  212000001 214000000
1  214000001 216000000
1  216000001 218000000
1  218000001 220000000
1  220000001 222000000
1  222000001 224000000
1  224000001 226000000
1  226000001 228000000
1  228000001 230000000
1  230000001 232000000
1  232000001 234000000
1  234000001 236000000
1  236000001 238000000
1  238000001 240000000
1  240000001 242000000
1  242000001 244000000
1  244000001 246000000
1  246000001 248000000
1  248000001 250000000
1  250000001 252000000
1  252000001 254000000
1  254000001 256000000
1  256000001 258000000
1  258000001 260000000
2  1 2000000
2  2000001 4000000
2  4000001 6000000
2  6000001 8000000
2  8000001 10000000
2  10000001 12000000
2  12000001 14000000
2  14000001 16000000
2  16000001 18000000
2  18000001 20000000
2  20000001 22000000
2  22000001 24000000
2  24000001 26000000
2  26000001 28000000
2  28000001 30000000
2  30000001 32000000
2  32000001 34000000
2  34000001 36000000
2  36000001 38000000
2  38000001 40000000
2  40000001 42000000
2  42000001 44000000
2  44000001 46000000
2  46000001 48000000
2  48000001 50000000
2  50000001 52000000
2  52000001 54000000
2  54000001 56000000
2  56000001 58000000
2  58000001 60000000
2  60000001 62000000
2  62000001 64000000
2  64000001 66000000
2  66000001 68000000
2  68000001 70000000
2  70000001 72000000
2  72000001 74000000
2  74000001 76000000
2  76000001 78000000
2  78000001 80000000
2  80000001 82000000
2  82000001 84000000
2  84000001 86000000
2  86000001 88000000
2  88000001 90000000
2  90000001 92000000
2  92000001 94000000
2  94000001 96000000
2  96000001 98000000
2  98000001 100000000
2  100000001 102000000
2  102000001 104000000
2  104000001 106000000
2  106000001 108000000
2  108000001 110000000
2  110000001 112000000
2  112000001 114000000
2  114000001 116000000
2  116000001 118000000
2  118000001 120000000
2  120000001 122000000
2  122000001 124000000
2  124000001 126000000
2  126000001 128000000
2  128000001 130000000
2  130000001 132000000
2  132000001 134000000
2  134000001 136000000
2  136000001 138000000
2  138000001 140000000
2  140000001 142000000
2  142000001 144000000
2  144000001 146000000
2  146000001 148000000
2  148000001 150000000
2  150000001 152000000
2  152000001 154000000
2  154000001 156000000
2  156000001 158000000
2  158000001 160000000
2  160000001 162000000
2  162000001 164000000
2  164000001 166000000
2  166000001 168000000
2  168000001 170000000
2  170000001 172000000
2  172000001 174000000
2  174000001 176000000
2  176000001 178000000
2  178000001 180000000
2  180000001 182000000
2  182000001 184000000
2  184000001 186000000
2  186000001 188000000
2  188000001 190000000
2  190000001 192000000
2  192000001 194000000
2  194000001 196000000
2  196000001 198000000
2  198000001 200000000
2  200000001 202000000
2  202000001 204000000
2  204000001 206000000
2  206000001 208000000
2  208000001 210000000
2  210000001 212000000
2  212000001 214000000
2  214000001 216000000
2  216000001 218000000
2  218000001 220000000
2  220000001 222000000
2  222000001 224000000
2  224000001 226000000
2  226000001 228000000
2  228000001 230000000
2  230000001 232000000
2  232000001 234000000
2  234000001 236000000
2  236000001 238000000
2  238000001 240000000
2  240000001 242000000
2  242000001 244000000
2  244000001 246000000
2  246000001 248000000
2  248000001 250000000
2  250000001 252000000
2  252000001 254000000
2  254000001 256000000
2  256000001 258000000
2  258000001 260000000
3  1 2000000
3  2000001 4000000
3  4000001 6000000
3  6000001 8000000
3  8000001 10000000
3  10000001 12000000
3  12000001 14000000
3  14000001 16000000
3  16000001 18000000
3  18000001 20000000
3  20000001 22000000
3  22000001 24000000
3  24000001 26000000
3  26000001 28000000
3  28000001 30000000
3  30000001 32000000
3  32000001 34000000
3  34000001 36000000
3  36000001 38000000
3  38000001 40000000
3  40000001 42000000
3  42000001 44000000
3  44000001 46000000
3  46000001 48000000
3  48000001 50000000
3  50000001 52000000
3  52000001 54000000
3  54000001 56000000
3  56000001 58000000
3  58000001 60000000
3  60000001 62000000
3  62000001 64000000
3  64000001 66000000
3  66000001 68000000
3  68000001 70000000
3  70000001 72000000
3  72000001 74000000
3  74000001 76000000
3  76000001 78000000
3  78000001 80000000
3  80000001 82000000
3  82000001 84000000
3  84000001 86000000
3  86000001 88000000
3  88000001 90000000
3  90000001 92000000
3  92000001 94000000
3  94000001 96000000
3  96000001 98000000
3  98000001 100000000
3  100000001 102000000
3  102000001 104000000
3  104000001 106000000
3  106000001 108000000
3  108000001 110000000
3  110000001 112000000
3  112000001 114000000
3  114000001 116000000
3  116000001 118000000
3  118000001 120000000
3  120000001 122000000
3  122000001 124000000
3  124000001 126000000
3  126000001 128000000
3  128000001 130000000
3  130000001 132000000
3  132000001 134000000
3  134000001 136000000
3  136000001 138000000
3  138000001 140000000
3  140000001 142000000
3  142000001 144000000
3  144000001 146000000
3  146000001 148000000
3  148000001 150000000
3  150000001 152000000
3  152000001 154000000
3  154000001 156000000
3  156000001 158000000
3  158000001 160000000
3  160000001 162000000
3  162000001 164000000
3  164000001 166000000
3  166000001 168000000
3  168000001 170000000
3  170000001 172000000
3  172000001 174000000
3  174000001 176000000
3  176000001 178000000
3  178000001 180000000
3  180000001 182000000
3  182000001 184000000
3  184000001 186000000
3  186000001 188000000
3  188000001 190000000
3  190000001 192000000
3  192000001 194000000
3  194000001 196000000
3  196000001 198000000
3  198000001 200000000
4  1 2000000
4  2000001 4000000
4  4000001 6000000
4  6000001 8000000
4  8000001 10000000
4  10000001 12000000
4  12000001 14000000
4  14000001 16000000
4  16000001 18000000
4  18000001 20000000
4  20000001 22000000
4  22000001 24000000
4  24000001 26000000
4  26000001 28000000
4  28000001 30000000
4  30000001 32000000
4  32000001 34000000
4  34000001 36000000
4  36000001 38000000
4  38000001 40000000
4  40000001 42000000
4  42000001 44000000
4  44000001 46000000
4  46000001 48000000
4  48000001 50000000
4  50000001 52000000
4  52000001 54000000
4  54000001 56000000
4  56000001 58000000
4  58000001 60000000
4  60000001 62000000
4  62000001 64000000
4  64000001 66000000
4  66000001 68000000
4  68000001 70000000
4  70000001 72000000
4  72000001 74000000
4  74000001 76000000
4  76000001 78000000
4  78000001 80000000
4  80000001 82000000
4  82000001 84000000
4  84000001 86000000
4  86000001 88000000
4  88000001 90000000
4  90000001 92000000
4  92000001 94000000
4  94000001 96000000
4  96000001 98000000
4  98000001 100000000
4  100000001 102000000
4  102000001 104000000
4  104000001 106000000
4  106000001 108000000
4  108000001 110000000
4  110000001 112000000
4  112000001 114000000
4  114000001 116000000
4  116000001 118000000
4  118000001 120000000
4  120000001 122000000
4  122000001 124000000
4  124000001 126000000
4  126000001 128000000
4  128000001 130000000
4  130000001 132000000
4  132000001 134000000
4  134000001 136000000
4  136000001 138000000
4  138000001 140000000
4  140000001 142000000
4  142000001 144000000
4  144000001 146000000
4  146000001 148000000
4  148000001 150000000
4  150000001 152000000
4  152000001 154000000
4  154000001 156000000
4  156000001 158000000
4  158000001 160000000
4  160000001 162000000
4  162000001 164000000
4  164000001 166000000
4  166000001 168000000
4  168000001 170000000
4  170000001 172000000
4  172000001 174000000
4  174000001 176000000
4  176000001 178000000
4  178000001 180000000
4  180000001 182000000
4  182000001 184000000
4  184000001 186000000
4  186000001 188000000
4  188000001 190000000
4  190000001 192000000
4  192000001 194000000
4  194000001 196000000
4  196000001 198000000
4  198000001 200000000
5  1 2000000
5  2000001 4000000
5  4000001 6000000
5  6000001 8000000
5  8000001 10000000
5  10000001 12000000
5  12000001 14000000
5  14000001 16000000
5  16000001 18000000
5  18000001 20000000
5  20000001 22000000
5  22000001 24000000
5  24000001 26000000
5  26000001 28000000
5  28000001 30000000
5  30000001 32000000
5  32000001 34000000
5  34000001 36000000
5  36000001 38000000
5  38000001 40000000
5  40000001 42000000
5  42000001 44000000
5  44000001 46000000
5  46000001 48000000
5  48000001 50000000
5  50000001 52000000
5  52000001 54000000
5  54000001 56000000
5  56000001 58000000
5  58000001 60000000
5  60000001 62000000
5  62000001 64000000
5  64000001 66000000
5  66000001 68000000
5  68000001 70000000
5  70000001 72000000
5  72000001 74000000
5  74000001 76000000
5  76000001 78000000
5  78000001 80000000
5  80000001 82000000
5  82000001 84000000
5  84000001 86000000
5  86000001 88000000
5  88000001 90000000
5  90000001 92000000
5  92000001 94000000
5  94000001 96000000
5  96000001 98000000
5  98000001 100000000
5  100000001 102000000
5  102000001 104000000
5  104000001 106000000
5  106000001 108000000
5  108000001 110000000
5  110000001 112000000
5  112000001 114000000
5  114000001 116000000
5  116000001 118000000
5  118000001 120000000
5  120000001 122000000
5  122000001 124000000
5  124000001 126000000
5  126000001 128000000
5  128000001 130000000
5  130000001 132000000
5  132000001 134000000
5  134000001 136000000
5  136000001 138000000
5  138000001 140000000
5  140000001 142000000
5  142000001 144000000
5  144000001 146000000
5  146000001 148000000
5  148000001 150000000
5  150000001 152000000
5  152000001 154000000
5  154000001 156000000
5  156000001 158000000
5  158000001 160000000
5  160000001 162000000
5  162000001 164000000
5  164000001 166000000
5  166000001 168000000
5  168000001 170000000
5  170000001 172000000
5  172000001 174000000
5  174000001 176000000
5  176000001 178000000
5  178000001 180000000
5  180000001 182000000
5  182000001 184000000
5  184000001 186000000
5  186000001 188000000
5  188000001 190000000
5  190000001 192000000
5  192000001 194000000
5  194000001 196000000
5  196000001 198000000
5  198000001 200000000
6  1 2000000
6  2000001 4000000
6  4000001 6000000
6  6000001 8000000
6  8000001 10000000
6  10000001 12000000
6  12000001 14000000
6  14000001 16000000
6  16000001 18000000
6  18000001 20000000
6  20000001 22000000
6  22000001 24000000
6  24000001 26000000
6  26000001 28000000
6  28000001 30000000
6  30000001 32000000
6  32000001 34000000
6  34000001 36000000
6  36000001 38000000
6  38000001 40000000
6  40000001 42000000
6  42000001 44000000
6  44000001 46000000
6  46000001 48000000
6  48000001 50000000
6  50000001 52000000
6  52000001 54000000
6  54000001 56000000
6  56000001 58000000
6  58000001 60000000
6  60000001 62000000
6  62000001 64000000
6  64000001 66000000
6  66000001 68000000
6  68000001 70000000
6  70000001 72000000
6  72000001 74000000
6  74000001 76000000
6  76000001 78000000
6  78000001 80000000
6  80000001 82000000
6  82000001 84000000
6  84000001 86000000
6  86000001 88000000
6  88000001 90000000
6  90000001 92000000
6  92000001 94000000
6  94000001 96000000
6  96000001 98000000
6  98000001 100000000
6  100000001 102000000
6  102000001 104000000
6  104000001 106000000
6  106000001 108000000
6  108000001 110000000
6  110000001 112000000
6  112000001 114000000
6  114000001 116000000
6  116000001 118000000
6  118000001 120000000
6  120000001 122000000
6  122000001 124000000
6  124000001 126000000
6  126000001 128000000
6  128000001 130000000
6  130000001 132000000
6  132000001 134000000
6  134000001 136000000
6  136000001 138000000
6  138000001 140000000
6  140000001 142000000
6  142000001 144000000
6  144000001 146000000
6  146000001 148000000
6  148000001 150000000
6  150000001 152000000
6  152000001 154000000
6  154000001 156000000
6  156000001 158000000
6  158000001 160000000
6  160000001 162000000
6  162000001 164000000
6  164000001 166000000
6  166000001 168000000
6  168000001 170000000
6  170000001 172000000
6  172000001 174000000
6  174000001 176000000
6  176000001 178000000
6  178000001 180000000
7  1 2000000
7  2000001 4000000
7  4000001 6000000
7  6000001 8000000
7  8000001 10000000
7  10000001 12000000
7  12000001 14000000
7  14000001 16000000
7  16000001 18000000
7  18000001 20000000
7  20000001 22000000
7  22000001 24000000
7  24000001 26000000
7  26000001 28000000
7  28000001 30000000
7  30000001 32000000
7  32000001 34000000
7  34000001 36000000
7  36000001 38000000
7  38000001 40000000
7  40000001 42000000
7  42000001 44000000
7  44000001 46000000
7  46000001 48000000
7  48000001 50000000
7  50000001 52000000
7  52000001 54000000
7  54000001 56000000
7  56000001 58000000
7  58000001 60000000
7  60000001 62000000
7  62000001 64000000
7  64000001 66000000
7  66000001 68000000
7  68000001 70000000
7  70000001 72000000
7  72000001 74000000
7  74000001 76000000
7  76000001 78000000
7  78000001 80000000
7  80000001 82000000
7  82000001 84000000
7  84000001 86000000
7  86000001 88000000
7  88000001 90000000
7  90000001 92000000
7  92000001 94000000
7  94000001 96000000
7  96000001 98000000
7  98000001 100000000
7  100000001 102000000
7  102000001 104000000
7  104000001 106000000
7  106000001 108000000
7  108000001 110000000
7  110000001 112000000
7  112000001 114000000
7  114000001 116000000
7  116000001 118000000
7  118000001 120000000
7  120000001 122000000
7  122000001 124000000
7  124000001 126000000
7  126000001 128000000
7  128000001 130000000
7  130000001 132000000
7  132000001 134000000
7  134000001 136000000
7  136000001 138000000
7  138000001 140000000
7  140000001 142000000
7  142000001 144000000
7  144000001 146000000
7  146000001 148000000
7  148000001 150000000
7  150000001 152000000
7  152000001 154000000
7  154000001 156000000
7  156000001 158000000
7  158000001 160000000
7  160000001 162000000
7  162000001 164000000
8  1 2000000
8  2000001 4000000
8  4000001 6000000
8  6000001 8000000
8  8000001 10000000
8  10000001 12000000
8  12000001 14000000
8  14000001 16000000
8  16000001 18000000
8  18000001 20000000
8  20000001 22000000
8  22000001 24000000
8  24000001 26000000
8  26000001 28000000
8  28000001 30000000
8  30000001 32000000
8  32000001 34000000
8  34000001 36000000
8  36000001 38000000
8  38000001 40000000
8  40000001 42000000
8  42000001 44000000
8  44000001 46000000
8  46000001 48000000
8  48000001 50000000
8  50000001 52000000
8  52000001 54000000
8  54000001 56000000
8  56000001 58000000
8  58000001 60000000
8  60000001 62000000
8  62000001 64000000
8  64000001 66000000
8  66000001 68000000
8  68000001 70000000
8  70000001 72000000
8  72000001 74000000
8  74000001 76000000
8  76000001 78000000
8  78000001 80000000
8  80000001 82000000
8  82000001 84000000
8  84000001 86000000
8  86000001 88000000
8  88000001 90000000
8  90000001 92000000
8  92000001 94000000
8  94000001 96000000
8  96000001 98000000
8  98000001 100000000
8  100000001 102000000
8  102000001 104000000
8  104000001 106000000
8  106000001 108000000
8  108000001 110000000
8  110000001 112000000
8  112000001 114000000
8  114000001 116000000
8  116000001 118000000
8  118000001 120000000
8  120000001 122000000
8  122000001 124000000
8  124000001 126000000
8  126000001 128000000
8  128000001 130000000
8  130000001 132000000
8  132000001 134000000
8  134000001 136000000
8  136000001 138000000
8  138000001 140000000
8  140000001 142000000
8  142000001 144000000
8  144000001 146000000
8  146000001 148000000
8  148000001 150000000
8  150000001 152000000
8  152000001 154000000
8  154000001 156000000
8  156000001 158000000
8  158000001 160000000
9  1 2000000
9  2000001 4000000
9  4000001 6000000
9  6000001 8000000
9  8000001 10000000
9  10000001 12000000
9  12000001 14000000
9  14000001 16000000
9  16000001 18000000
9  18000001 20000000
9  20000001 22000000
9  22000001 24000000
9  24000001 26000000
9  26000001 28000000
9  28000001 30000000
9  30000001 32000000
9  32000001 34000000
9  34000001 36000000
9  36000001 38000000
9  38000001 40000000
9  40000001 42000000
9  42000001 44000000
9  44000001 46000000
9  46000001 48000000
9  48000001 50000000
9  50000001 52000000
9  52000001 54000000
9  54000001 56000000
9  56000001 58000000
9  58000001 60000000
9  60000001 62000000
9  62000001 64000000
9  64000001 66000000
9  66000001 68000000
9  68000001 70000000
9  70000001 72000000
9  72000001 74000000
9  74000001 76000000
9  76000001 78000000
9  78000001 80000000
9  80000001 82000000
9  82000001 84000000
9  84000001 86000000
9  86000001 88000000
9  88000001 90000000
9  90000001 92000000
9  92000001 94000000
9  94000001 96000000
9  96000001 98000000
9  98000001 100000000
9  100000001 102000000
9  102000001 104000000
9  104000001 106000000
9  106000001 108000000
9  108000001 110000000
9  110000001 112000000
9  112000001 114000000
9  114000001 116000000
9  116000001 118000000
9  118000001 120000000
9  120000001 122000000
9  122000001 124000000
9  124000001 126000000
9  126000001 128000000
9  128000001 130000000
9  130000001 132000000
9  132000001 134000000
9  134000001 136000000
9  136000001 138000000
9  138000001 140000000
9  140000001 142000000
9  142000001 144000000
9  144000001 146000000
9  146000001 148000000
9  148000001 150000000
9  150000001 152000000
9  152000001 154000000
9  154000001 156000000
9  156000001 158000000
9  158000001 160000000
10  1 2000000
10  2000001 4000000
10  4000001 6000000
10  6000001 8000000
10  8000001 10000000
10  10000001 12000000
10  12000001 14000000
10  14000001 16000000
10  16000001 18000000
10  18000001 20000000
10  20000001 22000000
10  22000001 24000000
10  24000001 26000000
10  26000001 28000000
10  28000001 30000000
10  30000001 32000000
10  32000001 34000000
10  34000001 36000000
10  36000001 38000000
10  38000001 40000000
10  40000001 42000000
10  42000001 44000000
10  44000001 46000000
10  46000001 48000000
10  48000001 50000000
10  50000001 52000000
10  52000001 54000000
10  54000001 56000000
10  56000001 58000000
10  58000001 60000000
10  60000001 62000000
10  62000001 64000000
10  64000001 66000000
10  66000001 68000000
10  68000001 70000000
10  70000001 72000000
10  72000001 74000000
10  74000001 76000000
10  76000001 78000000
10  78000001 80000000
10  80000001 82000000
10  82000001 84000000
10  84000001 86000000
10  86000001 88000000
10  88000001 90000000
10  90000001 92000000
10  92000001 94000000
10  94000001 96000000
10  96000001 98000000
10  98000001 100000000
10  100000001 102000000
10  102000001 104000000
10  104000001 106000000
10  106000001 108000000
10  108000001 110000000
10  110000001 112000000
10  112000001 114000000
10  114000001 116000000
10  116000001 118000000
10  118000001 120000000
10  120000001 122000000
10  122000001 124000000
10  124000001 126000000
10  126000001 128000000
10  128000001 130000000
10  130000001 132000000
10  132000001 134000000
10  134000001 136000000
10  136000001 138000000
10  138000001 140000000
11  1 2000000
11  2000001 4000000
11  4000001 6000000
11  6000001 8000000
11  8000001 10000000
11  10000001 12000000
11  12000001 14000000
11  14000001 16000000
11  16000001 18000000
11  18000001 20000000
11  20000001 22000000
11  22000001 24000000
11  24000001 26000000
11  26000001 28000000
11  28000001 30000000
11  30000001 32000000
11  32000001 34000000
11  34000001 36000000
11  36000001 38000000
11  38000001 40000000
11  40000001 42000000
11  42000001 44000000
11  44000001 46000000
11  46000001 48000000
11  48000001 50000000
11  50000001 52000000
11  52000001 54000000
11  54000001 56000000
11  56000001 58000000
11  58000001 60000000
11  60000001 62000000
11  62000001 64000000
11  64000001 66000000
11  66000001 68000000
11  68000001 70000000
11  70000001 72000000
11  72000001 74000000
11  74000001 76000000
11  76000001 78000000
11  78000001 80000000
11  80000001 82000000
11  82000001 84000000
11  84000001 86000000
11  86000001 88000000
11  88000001 90000000
11  90000001 92000000
11  92000001 94000000
11  94000001 96000000
11  96000001 98000000
11  98000001 100000000
11  100000001 102000000
11  102000001 104000000
11  104000001 106000000
11  106000001 108000000
11  108000001 110000000
11  110000001 112000000
11  112000001 114000000
11  114000001 116000000
11  116000001 118000000
11  118000001 120000000
11  120000001 122000000
11  122000001 124000000
11  124000001 126000000
11  126000001 128000000
11  128000001 130000000
11  130000001 132000000
11  132000001 134000000
11  134000001 136000000
11  136000001 138000000
11  138000001 140000000
12  1 2000000
12  2000001 4000000
12  4000001 6000000
12  6000001 8000000
12  8000001 10000000
12  10000001 12000000
12  12000001 14000000
12  14000001 16000000
12  16000001 18000000
12  18000001 20000000
12  20000001 22000000
12  22000001 24000000
12  24000001 26000000
12  26000001 28000000
12  28000001 30000000
12  30000001 32000000
12  32000001 34000000
12  34000001 36000000
12  36000001 38000000
12  38000001 40000000
12  40000001 42000000
12  42000001 44000000
12  44000001 46000000
12  46000001 48000000
12  48000001 50000000
12  50000001 52000000
12  52000001 54000000
12  54000001 56000000
12  56000001 58000000
12  58000001 60000000
12  60000001 62000000
12  62000001 64000000
12  64000001 66000000
12  66000001 68000000
12  68000001 70000000
12  70000001 72000000
12  72000001 74000000
12  74000001 76000000
12  76000001 78000000
12  78000001 80000000
12  80000001 82000000
12  82000001 84000000
12  84000001 86000000
12  86000001 88000000
12  88000001 90000000
12  90000001 92000000
12  92000001 94000000
12  94000001 96000000
12  96000001 98000000
12  98000001 100000000
12  100000001 102000000
12  102000001 104000000
12  104000001 106000000
12  106000001 108000000
12  108000001 110000000
12  110000001 112000000
12  112000001 114000000
12  114000001 116000000
12  116000001 118000000
12  118000001 120000000
12  120000001 122000000
12  122000001 124000000
12  124000001 126000000
12  126000001 128000000
12  128000001 130000000
12  130000001 132000000
12  132000001 134000000
12  134000001 136000000
12  136000001 138000000
12  138000001 140000000
13  1 2000000
13  2000001 4000000
13  4000001 6000000
13  6000001 8000000
13  8000001 10000000
13  10000001 12000000
13  12000001 14000000
13  14000001 16000000
13  16000001 18000000
13  18000001 20000000
13  20000001 22000000
13  22000001 24000000
13  24000001 26000000
13  26000001 28000000
13  28000001 30000000
13  30000001 32000000
13  32000001 34000000
13  34000001 36000000
13  36000001 38000000
13  38000001 40000000
13  40000001 42000000
13  42000001 44000000
13  44000001 46000000
13  46000001 48000000
13  48000001 50000000
13  50000001 52000000
13  52000001 54000000
13  54000001 56000000
13  56000001 58000000
13  58000001 60000000
13  60000001 62000000
13  62000001 64000000
13  64000001 66000000
13  66000001 68000000
13  68000001 70000000
13  70000001 72000000
13  72000001 74000000
13  74000001 76000000
13  76000001 78000000
13  78000001 80000000
13  80000001 82000000
13  82000001 84000000
13  84000001 86000000
13  86000001 88000000
13  88000001 90000000
13  90000001 92000000
13  92000001 94000000
13  94000001 96000000
13  96000001 98000000
13  98000001 100000000
13  100000001 102000000
13  102000001 104000000
13  104000001 106000000
13  106000001 108000000
13  108000001 110000000
13  110000001 112000000
13  112000001 114000000
13  114000001 116000000
13  116000001 118000000
13  118000001 120000000
14  1 2000000
14  2000001 4000000
14  4000001 6000000
14  6000001 8000000
14  8000001 10000000
14  10000001 12000000
14  12000001 14000000
14  14000001 16000000
14  16000001 18000000
14  18000001 20000000
14  20000001 22000000
14  22000001 24000000
14  24000001 26000000
14  26000001 28000000
14  28000001 30000000
14  30000001 32000000
14  32000001 34000000
14  34000001 36000000
14  36000001 38000000
14  38000001 40000000
14  40000001 42000000
14  42000001 44000000
14  44000001 46000000
14  46000001 48000000
14  48000001 50000000
14  50000001 52000000
14  52000001 54000000
14  54000001 56000000
14  56000001 58000000
14  58000001 60000000
14  60000001 62000000
14  62000001 64000000
14  64000001 66000000
14  66000001 68000000
14  68000001 70000000
14  70000001 72000000
14  72000001 74000000
14  74000001 76000000
14  76000001 78000000
14  78000001 80000000
14  80000001 82000000
14  82000001 84000000
14  84000001 86000000
14  86000001 88000000
14  88000001 90000000
14  90000001 92000000
14  92000001 94000000
14  94000001 96000000
14  96000001 98000000
14  98000001 100000000
14  100000001 102000000
14  102000001 104000000
14  104000001 106000000
14  106000001 108000000
14  108000001 110000000
14  110000001 112000000
14  112000001 114000000
14  114000001 116000000
14  116000001 118000000
14  118000001 120000000
15  1 2000000
15  2000001 4000000
15  4000001 6000000
15  6000001 8000000
15  8000001 10000000
15  10000001 12000000
15  12000001 14000000
15  14000001 16000000
15  16000001 18000000
15  18000001 20000000
15  20000001 22000000
15  22000001 24000000
15  24000001 26000000
15  26000001 28000000
15  28000001 30000000
15  30000001 32000000
15  32000001 34000000
15  34000001 36000000
15  36000001 38000000
15  38000001 40000000
15  40000001 42000000
15  42000001 44000000
15  44000001 46000000
15  46000001 48000000
15  48000001 50000000
15  50000001 52000000
15  52000001 54000000
15  54000001 56000000
15  56000001 58000000
15  58000001 60000000
15  60000001 62000000
15  62000001 64000000
15  64000001 66000000
15  66000001 68000000
15  68000001 70000000
15  70000001 72000000
15  72000001 74000000
15  74000001 76000000
15  76000001 78000000
15  78000001 80000000
15  80000001 82000000
15  82000001 84000000
15  84000001 86000000
15  86000001 88000000
15  88000001 90000000
15  90000001 92000000
15  92000001 94000000
15  94000001 96000000
15  96000001 98000000
15  98000001 100000000
15  100000001 102000000
15  102000001 104000000
15  104000001 106000000
15  106000001 108000000
15  108000001 110000000
15  110000001 112000000
15  112000001 114000000
15  114000001 116000000
15  116000001 118000000
15  118000001 120000000
16  1 2000000
16  2000001 4000000
16  4000001 6000000
16  6000001 8000000
16  8000001 10000000
16  10000001 12000000
16  12000001 14000000
16  14000001 16000000
16  16000001 18000000
16  18000001 20000000
16  20000001 22000000
16  22000001 24000000
16  24000001 26000000
16  26000001 28000000
16  28000001 30000000
16  30000001 32000000
16  32000001 34000000
16  34000001 36000000
16  36000001 38000000
16  38000001 40000000
16  40000001 42000000
16  42000001 44000000
16  44000001 46000000
16  46000001 48000000
16  48000001 50000000
16  50000001 52000000
16  52000001 54000000
16  54000001 56000000
16  56000001 58000000
16  58000001 60000000
16  60000001 62000000
16  62000001 64000000
16  64000001 66000000
16  66000001 68000000
16  68000001 70000000
16  70000001 72000000
16  72000001 74000000
16  74000001 76000000
16  76000001 78000000
16  78000001 80000000
16  80000001 82000000
16  82000001 84000000
16  84000001 86000000
16  86000001 88000000
16  88000001 90000000
16  90000001 92000000
16  92000001 94000000
16  94000001 96000000
16  96000001 98000000
16  98000001 100000000
17  1 2000000
17  2000001 4000000
17  4000001 6000000
17  6000001 8000000
17  8000001 10000000
17  10000001 12000000
17  12000001 14000000
17  14000001 16000000
17  16000001 18000000
17  18000001 20000000
17  20000001 22000000
17  22000001 24000000
17  24000001 26000000
17  26000001 28000000
17  28000001 30000000
17  30000001 32000000
17  32000001 34000000
17  34000001 36000000
17  36000001 38000000
17  38000001 40000000
17  40000001 42000000
17  42000001 44000000
17  44000001 46000000
17  46000001 48000000
17  48000001 50000000
17  50000001 52000000
17  52000001 54000000
17  54000001 56000000
17  56000001 58000000
17  58000001 60000000
17  60000001 62000000
17  62000001 64000000
17  64000001 66000000
17  66000001 68000000
17  68000001 70000000
17  70000001 72000000
17  72000001 74000000
17  74000001 76000000
17  76000001 78000000
17  78000001 80000000
17  80000001 82000000
17  82000001 84000000
17  84000001 86000000
17  86000001 88000000
17  88000001 90000000
17  90000001 92000000
17  92000001 94000000
17  94000001 96000000
17  96000001 98000000
17  98000001 100000000
18  1 2000000
18  2000001 4000000
18  4000001 6000000
18  6000001 8000000
18  8000001 10000000
18  10000001 12000000
18  12000001 14000000
18  14000001 16000000
18  16000001 18000000
18  18000001 20000000
18  20000001 22000000
18  22000001 24000000
18  24000001 26000000
18  26000001 28000000
18  28000001 30000000
18  30000001 32000000
18  32000001 34000000
18  34000001 36000000
18  36000001 38000000
18  38000001 40000000
18  40000001 42000000
18  42000001 44000000
18  44000001 46000000
18  46000001 48000000
18  48000001 50000000
18  50000001 52000000
18  52000001 54000000
18  54000001 56000000
18  56000001 58000000
18  58000001 60000000
18  60000001 62000000
18  62000001 64000000
18  64000001 66000000
18  66000001 68000000
18  68000001 70000000
18  70000001 72000000
18  72000001 74000000
18  74000001 76000000
18  76000001 78000000
18  78000001 80000000
19  1 2000000
19  2000001 4000000
19  4000001 6000000
19  6000001 8000000
19  8000001 10000000
19  10000001 12000000
19  12000001 14000000
19  14000001 16000000
19  16000001 18000000
19  18000001 20000000
19  20000001 22000000
19  22000001 24000000
19  24000001 26000000
19  26000001 28000000
19  28000001 30000000
19  30000001 32000000
19  32000001 34000000
19  34000001 36000000
19  36000001 38000000
19  38000001 40000000
19  40000001 42000000
19  42000001 44000000
19  44000001 46000000
19  46000001 48000000
19  48000001 50000000
19  50000001 52000000
19  52000001 54000000
19  54000001 56000000
19  56000001 58000000
19  58000001 60000000
20  1 2000000
20  2000001 4000000
20  4000001 6000000
20  6000001 8000000
20  8000001 10000000
20  10000001 12000000
20  12000001 14000000
20  14000001 16000000
20  16000001 18000000
20  18000001 20000000
20  20000001 22000000
20  22000001 24000000
20  24000001 26000000
20  26000001 28000000
20  28000001 30000000
20  30000001 32000000
20  32000001 34000000
20  34000001 36000000
20  36000001 38000000
20  38000001 40000000
20  40000001 42000000
20  42000001 44000000
20  44000001 46000000
20  46000001 48000000
20  48000001 50000000
20  50000001 52000000
20  52000001 54000000
20  54000001 56000000
20  56000001 58000000
20  58000001 60000000
20  60000001 62000000
20  62000001 64000000
20  64000001 66000000
20  66000001 68000000
20  68000001 70000000
20  70000001 72000000
20  72000001 74000000
20  74000001 76000000
20  76000001 78000000
20  78000001 80000000
21  1 2000000
21  2000001 4000000
21  4000001 6000000
21  6000001 8000000
21  8000001 10000000
21  10000001 12000000
21  12000001 14000000
21  14000001 16000000
21  16000001 18000000
21  18000001 20000000
21  20000001 22000000
21  22000001 24000000
21  24000001 26000000
21  26000001 28000000
21  28000001 30000000
21  30000001 32000000
21  32000001 34000000
21  34000001 36000000
21  36000001 38000000
21  38000001 40000000
21  40000001 42000000
21  42000001 44000000
21  44000001 46000000
21  46000001 48000000
21  48000001 50000000
21  50000001 52000000
21  52000001 54000000
21  54000001 56000000
21  56000001 58000000
21  58000001 60000000
22  1 2000000
22  2000001 4000000
22  4000001 6000000
22  6000001 8000000
22  8000001 10000000
22  10000001 12000000
22  12000001 14000000
22  14000001 16000000
22  16000001 18000000
22  18000001 20000000
22  20000001 22000000
22  22000001 24000000
22  24000001 26000000
22  26000001 28000000
22  28000001 30000000
22  30000001 32000000
22  32000001 34000000
22  34000001 36000000
22  36000001 38000000
22  38000001 40000000
22  40000001 42000000
22  42000001 44000000
22  44000001 46000000
22  46000001 48000000
22  48000001 50000000
22  50000001 52000000
22  52000001 54000000
22  54000001 56000000
22  56000001 58000000
22  58000001 60000000
X  1 2000000
X  2000001 4000000
X  4000001 6000000
X  6000001 8000000
X  8000001 10000000
X  10000001 12000000
X  12000001 14000000
X  14000001 16000000
X  16000001 18000000
X  18000001 20000000
X  20000001 22000000
X  22000001 24000000
X  24000001 26000000
X  26000001 28000000
X  28000001 30000000
X  30000001 32000000
X  32000001 34000000
X  34000001 36000000
X  36000001 38000000
X  38000001 40000000
X  40000001 42000000
X  42000001 44000000
X  44000001 46000000
X  46000001 48000000
X  48000001 50000000
X  50000001 52000000
X  52000001 54000000
X  54000001 56000000
X  56000001 58000000
X  58000001 60000000
X  60000001 62000000
X  62000001 64000000
X  64000001 66000000
X  66000001 68000000
X  68000001 70000000
X  70000001 72000000
X  72000001 74000000
X  74000001 76000000
X  76000001 78000000
X  78000001 80000000
X  80000001 82000000
X  82000001 84000000
X  84000001 86000000
X  86000001 88000000
X  88000001 90000000
X  90000001 92000000
X  92000001 94000000
X  94000001 96000000
X  96000001 98000000
X  98000001 100000000
X  100000001 102000000
X  102000001 104000000
X  104000001 106000000
X  106000001 108000000
X  108000001 110000000
X  110000001 112000000
X  112000001 114000000
X  114000001 116000000
X  116000001 118000000
X  118000001 120000000
X  120000001 122000000
X  122000001 124000000
X  124000001 126000000
X  126000001 128000000
X  128000001 130000000
X  130000001 132000000
X  132000001 134000000
X  134000001 136000000
X  136000001 138000000
X  138000001 140000000
X  140000001 142000000
X  142000001 144000000
X  144000001 146000000
X  146000001 148000000
X  148000001 150000000
X  150000001 152000000
X  152000001 154000000
X  154000001 156000000
X  156000001 158000000
X  158000001 160000000
